1.0 0.0 1.0 0.04
2.0 1.0 1.0 0.051666666666666666
3.0 1.0 2.0 0.07666666666666666
4.0 2.0 2.0 0.09166666666666666
5.0 2.0 2.0 0.09333333333333334
6.0 2.0 2.0 0.12833333333333333
7.0 2.0 2.0 0.125
8.0 2.0 2.0 0.14166666666666666
9.0 2.0 2.0 0.18333333333333332
10.0 2.0 2.0 0.16833333333333333
11.0 2.0 3.0 0.205
12.0 3.0 2.0 0.19166666666666668
13.0 3.0 2.0 0.21333333333333335
14.0 3.0 2.0 0.23833333333333334
15.0 3.0 3.0 0.23333333333333334
16.0 3.0 2.0 0.19333333333333333
17.0 3.0 3.0 0.26166666666666666
18.0 3.0 3.0 0.305
19.0 3.0 3.0 0.34
20.0 3.0 3.0 0.32
21.0 3.0 3.0 0.32
22.0 3.0 2.0 0.2833333333333333
23.0 3.0 2.0 0.2633333333333333
24.0 3.0 2.0 0.275
25.0 3.0 2.0 0.30833333333333335
26.0 3.0 2.0 0.3566666666666667
27.0 3.0 3.0 0.2966666666666667
28.0 3.0 3.0 0.2833333333333333
29.0 3.0 3.0 0.285
30.0 3.0 3.0 0.325
31.0 3.0 3.0 0.30666666666666664
32.0 3.0 3.0 0.3566666666666667
33.0 3.0 3.0 0.36
34.0 3.0 3.0 0.35
35.0 3.0 3.0 0.32
36.0 3.0 3.0 0.27
37.0 3.0 3.0 0.31666666666666665
38.0 3.0 3.0 0.34
39.0 3.0 3.0 0.3333333333333333
40.0 3.0 2.0 0.305
41.0 3.0 2.0 0.3
42.0 3.0 3.0 0.3333333333333333
43.0 3.0 4.0 0.38
44.0 4.0 3.0 0.39166666666666666
45.0 4.0 3.0 0.4683333333333333
46.0 4.0 3.0 0.3933333333333333
47.0 4.0 3.0 0.38333333333333336
48.0 4.0 3.0 0.3883333333333333
49.0 4.0 4.0 0.4033333333333333
50.0 4.0 4.0 0.37666666666666665
51.0 4.0 2.0 0.325
52.0 4.0 4.0 0.295
53.0 4.0 4.0 0.41
54.0 4.0 3.0 0.375
55.0 4.0 3.0 0.37
56.0 4.0 5.0 0.34833333333333333
57.0 5.0 3.0 0.42
58.0 5.0 3.0 0.395
59.0 5.0 4.0 0.4716666666666667
60.0 5.0 3.0 0.43166666666666664
61.0 5.0 3.0 0.44333333333333336
62.0 5.0 4.0 0.425
63.0 5.0 3.0 0.49166666666666664
64.0 5.0 3.0 0.45166666666666666
65.0 5.0 3.0 0.44166666666666665
66.0 5.0 3.0 0.4633333333333333
67.0 5.0 3.0 0.42333333333333334
68.0 5.0 3.0 0.47333333333333333
69.0 5.0 3.0 0.42
70.0 5.0 4.0 0.40166666666666667
71.0 5.0 3.0 0.4666666666666667
72.0 5.0 3.0 0.455
73.0 5.0 3.0 0.44166666666666665
74.0 5.0 4.0 0.4116666666666667
75.0 5.0 3.0 0.4633333333333333
76.0 5.0 3.0 0.5083333333333333
77.0 5.0 4.0 0.5116666666666667
78.0 5.0 5.0 0.5616666666666666
79.0 5.0 4.0 0.495
80.0 5.0 4.0 0.5083333333333333
81.0 5.0 4.0 0.5
82.0 5.0 4.0 0.505
83.0 5.0 4.0 0.4666666666666667
84.0 5.0 4.0 0.5666666666666667
85.0 5.0 4.0 0.5583333333333333
86.0 5.0 4.0 0.525
87.0 5.0 6.0 0.5783333333333334
88.0 6.0 4.0 0.5233333333333333
89.0 6.0 4.0 0.5333333333333333
90.0 6.0 4.0 0.515
91.0 6.0 4.0 0.5416666666666666
92.0 6.0 4.0 0.4766666666666667
93.0 6.0 3.0 0.49833333333333335
94.0 6.0 4.0 0.4266666666666667
95.0 6.0 3.0 0.5183333333333333
96.0 6.0 5.0 0.535
97.0 6.0 4.0 0.54
98.0 6.0 5.0 0.5083333333333333
99.0 6.0 4.0 0.44666666666666666
100.0 6.0 4.0 0.47333333333333333
101.0 6.0 4.0 0.5133333333333333
102.0 6.0 3.0 0.485
103.0 6.0 4.0 0.4666666666666667
104.0 6.0 4.0 0.48333333333333334
105.0 6.0 3.0 0.43166666666666664
106.0 6.0 4.0 0.49
107.0 6.0 3.0 0.49333333333333335
108.0 6.0 4.0 0.5516666666666666
109.0 6.0 3.0 0.525
110.0 6.0 5.0 0.5416666666666666
111.0 6.0 3.0 0.49333333333333335
112.0 6.0 4.0 0.46166666666666667
113.0 6.0 4.0 0.49333333333333335
114.0 6.0 3.0 0.5033333333333333
115.0 6.0 4.0 0.5483333333333333
116.0 6.0 3.0 0.545
117.0 6.0 4.0 0.475
118.0 6.0 4.0 0.5533333333333333
119.0 6.0 4.0 0.48833333333333334
120.0 6.0 4.0 0.525
121.0 6.0 4.0 0.465
122.0 6.0 3.0 0.4033333333333333
123.0 6.0 3.0 0.37166666666666665
124.0 6.0 4.0 0.43833333333333335
125.0 6.0 3.0 0.45666666666666667
126.0 6.0 3.0 0.5
127.0 6.0 3.0 0.51
128.0 6.0 5.0 0.5016666666666667
129.0 6.0 6.0 0.505
130.0 6.0 4.0 0.6333333333333333
131.0 6.0 3.0 0.49666666666666665
132.0 6.0 4.0 0.5233333333333333
133.0 6.0 4.0 0.5233333333333333
134.0 6.0 4.0 0.525
135.0 6.0 3.0 0.475
136.0 6.0 4.0 0.52
137.0 6.0 5.0 0.5233333333333333
138.0 6.0 4.0 0.6016666666666667
139.0 6.0 4.0 0.53
140.0 6.0 4.0 0.5833333333333334
141.0 6.0 4.0 0.625
142.0 6.0 4.0 0.53
143.0 6.0 4.0 0.495
144.0 6.0 3.0 0.4816666666666667
145.0 6.0 4.0 0.5383333333333333
146.0 6.0 5.0 0.53
147.0 6.0 4.0 0.5266666666666666
148.0 6.0 5.0 0.5966666666666667
149.0 6.0 4.0 0.44
150.0 6.0 3.0 0.545
151.0 6.0 3.0 0.5366666666666666
152.0 6.0 4.0 0.5083333333333333
153.0 6.0 5.0 0.4716666666666667
154.0 6.0 4.0 0.505
155.0 6.0 4.0 0.48333333333333334
156.0 6.0 4.0 0.5033333333333333
157.0 6.0 3.0 0.5016666666666667
158.0 6.0 4.0 0.49166666666666664
159.0 6.0 4.0 0.4766666666666667
160.0 6.0 3.0 0.5133333333333333
161.0 6.0 3.0 0.49
162.0 6.0 5.0 0.5166666666666667
163.0 6.0 4.0 0.485
164.0 6.0 4.0 0.4483333333333333
165.0 6.0 4.0 0.4716666666666667
166.0 6.0 5.0 0.5066666666666667
167.0 6.0 4.0 0.595
168.0 6.0 4.0 0.4633333333333333
169.0 6.0 4.0 0.585
170.0 6.0 4.0 0.53
171.0 6.0 4.0 0.465
172.0 6.0 4.0 0.445
173.0 6.0 4.0 0.5083333333333333
174.0 6.0 4.0 0.47333333333333333
175.0 6.0 4.0 0.5383333333333333
176.0 6.0 3.0 0.54
177.0 6.0 4.0 0.5383333333333333
178.0 6.0 4.0 0.5533333333333333
179.0 6.0 6.0 0.5533333333333333
180.0 6.0 4.0 0.5033333333333333
181.0 6.0 4.0 0.5733333333333334
182.0 6.0 4.0 0.535
183.0 6.0 3.0 0.5533333333333333
184.0 6.0 4.0 0.49666666666666665
185.0 6.0 3.0 0.4633333333333333
186.0 6.0 4.0 0.56
187.0 6.0 5.0 0.5866666666666667
188.0 6.0 5.0 0.5183333333333333
189.0 6.0 4.0 0.55
190.0 6.0 4.0 0.5516666666666666
191.0 6.0 4.0 0.5016666666666667
192.0 6.0 4.0 0.5
193.0 6.0 4.0 0.5233333333333333
194.0 6.0 3.0 0.5283333333333333
195.0 6.0 3.0 0.5283333333333333
196.0 6.0 4.0 0.4866666666666667
197.0 6.0 4.0 0.5033333333333333
198.0 6.0 3.0 0.47
199.0 6.0 3.0 0.5316666666666666
200.0 6.0 4.0 0.5133333333333333
201.0 6.0 3.0 0.5216666666666666
202.0 6.0 4.0 0.5366666666666666
203.0 6.0 4.0 0.56
204.0 6.0 3.0 0.5266666666666666
205.0 6.0 5.0 0.49333333333333335
206.0 6.0 4.0 0.5216666666666666
207.0 6.0 3.0 0.465
208.0 6.0 4.0 0.5533333333333333
209.0 6.0 3.0 0.5083333333333333
210.0 6.0 4.0 0.55
211.0 6.0 4.0 0.5283333333333333
212.0 6.0 3.0 0.5333333333333333
213.0 6.0 4.0 0.5333333333333333
214.0 6.0 3.0 0.485
215.0 6.0 4.0 0.5533333333333333
216.0 6.0 3.0 0.5383333333333333
217.0 6.0 4.0 0.5866666666666667
218.0 6.0 3.0 0.5533333333333333
219.0 6.0 4.0 0.5966666666666667
220.0 6.0 5.0 0.5616666666666666
221.0 6.0 3.0 0.585
222.0 6.0 3.0 0.4216666666666667
223.0 6.0 3.0 0.49
224.0 6.0 3.0 0.5966666666666667
225.0 6.0 4.0 0.57
226.0 6.0 3.0 0.565
227.0 6.0 3.0 0.48
228.0 6.0 4.0 0.51
229.0 6.0 3.0 0.5633333333333334
230.0 6.0 5.0 0.5883333333333334
231.0 6.0 4.0 0.5933333333333334
232.0 6.0 4.0 0.6466666666666666
233.0 6.0 4.0 0.585
234.0 6.0 4.0 0.5233333333333333
235.0 6.0 4.0 0.5433333333333333
236.0 6.0 3.0 0.5116666666666667
237.0 6.0 4.0 0.5566666666666666
238.0 6.0 4.0 0.5516666666666666
239.0 6.0 4.0 0.51
240.0 6.0 4.0 0.5433333333333333
241.0 6.0 4.0 0.5933333333333334
242.0 6.0 4.0 0.59
243.0 6.0 5.0 0.555
244.0 6.0 3.0 0.5683333333333334
245.0 6.0 3.0 0.5483333333333333
246.0 6.0 4.0 0.5466666666666666
247.0 6.0 3.0 0.56
248.0 6.0 3.0 0.5766666666666667
249.0 6.0 3.0 0.6133333333333333
250.0 6.0 4.0 0.5266666666666666
251.0 6.0 5.0 0.61
252.0 6.0 3.0 0.6383333333333333
253.0 6.0 3.0 0.6283333333333333
254.0 6.0 5.0 0.5733333333333334
255.0 6.0 3.0 0.605
256.0 6.0 4.0 0.5383333333333333
257.0 6.0 3.0 0.64
258.0 6.0 4.0 0.5833333333333334
259.0 6.0 4.0 0.5533333333333333
260.0 6.0 4.0 0.5116666666666667
261.0 6.0 5.0 0.6783333333333333
262.0 6.0 5.0 0.575
263.0 6.0 4.0 0.6433333333333333
264.0 6.0 4.0 0.6633333333333333
265.0 6.0 3.0 0.5333333333333333
266.0 6.0 4.0 0.5633333333333334
267.0 6.0 4.0 0.5066666666666667
268.0 6.0 4.0 0.6183333333333333
269.0 6.0 4.0 0.5183333333333333
270.0 6.0 4.0 0.5583333333333333
271.0 6.0 4.0 0.5616666666666666
272.0 6.0 4.0 0.5933333333333334
273.0 6.0 4.0 0.55
274.0 6.0 4.0 0.535
275.0 6.0 4.0 0.545
276.0 6.0 5.0 0.5466666666666666
277.0 6.0 4.0 0.5933333333333334
278.0 6.0 4.0 0.6133333333333333
279.0 6.0 4.0 0.5483333333333333
280.0 6.0 4.0 0.5833333333333334
281.0 6.0 4.0 0.6133333333333333
282.0 6.0 3.0 0.5166666666666667
283.0 6.0 5.0 0.5233333333333333
284.0 6.0 4.0 0.5466666666666666
285.0 6.0 4.0 0.5233333333333333
286.0 6.0 3.0 0.555
287.0 6.0 5.0 0.59
288.0 6.0 3.0 0.6033333333333334
289.0 6.0 4.0 0.5866666666666667
290.0 6.0 4.0 0.6216666666666667
291.0 6.0 4.0 0.5766666666666667
292.0 6.0 5.0 0.6016666666666667
293.0 6.0 5.0 0.6083333333333333
294.0 6.0 5.0 0.6533333333333333
295.0 6.0 5.0 0.6483333333333333
296.0 6.0 4.0 0.6233333333333333
297.0 6.0 3.0 0.6466666666666666
298.0 6.0 5.0 0.65
299.0 6.0 4.0 0.6883333333333334
300.0 6.0 4.0 0.7266666666666667
301.0 6.0 4.0 0.6683333333333333
302.0 6.0 4.0 0.6433333333333333
303.0 6.0 4.0 0.6483333333333333
304.0 6.0 4.0 0.6516666666666666
305.0 6.0 5.0 0.5966666666666667
306.0 6.0 5.0 0.6083333333333333
307.0 6.0 4.0 0.6083333333333333
308.0 6.0 4.0 0.6116666666666667
309.0 6.0 4.0 0.5833333333333334
310.0 6.0 5.0 0.5633333333333334
311.0 6.0 4.0 0.6633333333333333
312.0 6.0 4.0 0.5816666666666667
313.0 6.0 5.0 0.5966666666666667
314.0 6.0 4.0 0.5766666666666667
315.0 6.0 4.0 0.6183333333333333
316.0 6.0 4.0 0.5866666666666667
317.0 6.0 5.0 0.69
318.0 6.0 5.0 0.5933333333333334
319.0 6.0 5.0 0.6333333333333333
320.0 6.0 4.0 0.645
321.0 6.0 4.0 0.665
322.0 6.0 3.0 0.665
323.0 6.0 4.0 0.785
324.0 6.0 5.0 0.7516666666666667
325.0 6.0 5.0 0.7483333333333333
326.0 6.0 5.0 0.8333333333333334
327.0 6.0 5.0 0.875
328.0 6.0 4.0 0.855
329.0 6.0 5.0 0.855
330.0 6.0 6.0 0.8183333333333334
331.0 6.0 5.0 0.8616666666666667
332.0 6.0 4.0 0.8433333333333334
333.0 6.0 5.0 0.7883333333333333
334.0 6.0 5.0 0.8216666666666667
335.0 6.0 5.0 0.7333333333333333
336.0 6.0 5.0 0.73
337.0 6.0 4.0 0.805
338.0 6.0 5.0 0.8283333333333334
339.0 6.0 4.0 0.7466666666666667
340.0 6.0 5.0 0.7866666666666666
341.0 6.0 4.0 0.7483333333333333
342.0 6.0 4.0 0.7866666666666666
343.0 6.0 5.0 0.7933333333333333
344.0 6.0 4.0 0.7566666666666667
345.0 6.0 5.0 0.6766666666666666
346.0 6.0 4.0 0.7866666666666666
347.0 6.0 4.0 0.7966666666666666
348.0 6.0 6.0 0.8433333333333334
349.0 6.0 5.0 0.7533333333333333
350.0 6.0 4.0 0.9183333333333333
351.0 6.0 4.0 0.8433333333333334
352.0 6.0 4.0 0.835
353.0 6.0 5.0 0.8983333333333333
354.0 6.0 4.0 0.815
355.0 6.0 8.0 0.8433333333333334
356.0 8.0 5.0 0.78
357.0 8.0 8.0 0.84
358.0 8.0 5.0 0.7483333333333333
359.0 8.0 6.0 0.715
360.0 8.0 5.0 0.79
361.0 8.0 5.0 0.7666666666666667
362.0 8.0 7.0 0.85
363.0 8.0 6.0 0.85
364.0 8.0 4.0 0.8116666666666666
365.0 8.0 5.0 0.78
366.0 8.0 5.0 0.8133333333333334
367.0 8.0 5.0 0.7383333333333333
368.0 8.0 5.0 0.7116666666666667
369.0 8.0 4.0 0.64
370.0 8.0 5.0 0.7216666666666667
371.0 8.0 5.0 0.7066666666666667
372.0 8.0 5.0 0.7533333333333333
373.0 8.0 6.0 0.76
374.0 8.0 5.0 0.7333333333333333
375.0 8.0 5.0 0.7216666666666667
376.0 8.0 4.0 0.805
377.0 8.0 5.0 0.7533333333333333
378.0 8.0 6.0 0.655
379.0 8.0 4.0 0.72
380.0 8.0 6.0 0.7716666666666666
381.0 8.0 5.0 0.805
382.0 8.0 5.0 0.84
383.0 8.0 8.0 0.9333333333333333
384.0 8.0 7.0 1.0183333333333333
385.0 8.0 6.0 0.95
386.0 8.0 7.0 0.9233333333333333
387.0 8.0 8.0 1.1083333333333334
388.0 8.0 8.0 1.1833333333333333
389.0 8.0 10.0 1.1916666666666667
390.0 10.0 8.0 1.195
391.0 10.0 8.0 1.1566666666666667
392.0 10.0 7.0 1.1716666666666666
393.0 10.0 9.0 1.2633333333333334
394.0 10.0 8.0 1.3033333333333332
395.0 10.0 11.0 1.4866666666666666
396.0 11.0 7.0 1.3116666666666668
397.0 11.0 8.0 1.265
398.0 11.0 7.0 1.2683333333333333
399.0 11.0 10.0 1.3966666666666667
400.0 11.0 8.0 1.4683333333333333
401.0 11.0 8.0 1.46
402.0 11.0 9.0 1.3816666666666666
403.0 11.0 8.0 1.475
404.0 11.0 8.0 1.4316666666666666
405.0 11.0 9.0 1.455
406.0 11.0 9.0 1.4066666666666667
407.0 11.0 8.0 1.3283333333333334
408.0 11.0 9.0 1.3083333333333333
409.0 11.0 9.0 1.4266666666666667
410.0 11.0 9.0 1.5066666666666666
411.0 11.0 10.0 1.3516666666666666
412.0 11.0 14.0 1.8566666666666667
413.0 14.0 13.0 2.158333333333333
414.0 14.0 14.0 2.27
415.0 14.0 12.0 2.54
416.0 14.0 13.0 2.5083333333333333
417.0 14.0 13.0 2.388333333333333
418.0 14.0 14.0 2.6133333333333333
419.0 14.0 13.0 2.47
420.0 14.0 16.0 2.64
421.0 16.0 16.0 2.6033333333333335
422.0 16.0 15.0 2.6416666666666666
423.0 16.0 19.0 2.7683333333333335
424.0 19.0 16.0 2.5433333333333334
425.0 19.0 18.0 2.736666666666667
426.0 19.0 19.0 2.7983333333333333
427.0 19.0 16.0 2.683333333333333
428.0 19.0 14.0 2.66
429.0 19.0 15.0 2.92
430.0 19.0 15.0 2.83
431.0 19.0 14.0 3.0083333333333333
432.0 19.0 20.0 3.111666666666667
433.0 20.0 16.0 2.921666666666667
434.0 20.0 19.0 3.0033333333333334
435.0 20.0 19.0 3.4433333333333334
436.0 20.0 22.0 3.2816666666666667
437.0 22.0 19.0 3.526666666666667
438.0 22.0 21.0 3.3583333333333334
439.0 22.0 18.0 3.5716666666666668
440.0 22.0 21.0 3.5416666666666665
441.0 22.0 21.0 3.745
442.0 22.0 24.0 2.95
443.0 24.0 21.0 3.7383333333333333
444.0 24.0 25.0 4.058333333333334
445.0 25.0 22.0 4.091666666666667
446.0 25.0 22.0 4.1866666666666665
447.0 25.0 23.0 4.296666666666667
448.0 25.0 23.0 4.41
449.0 25.0 23.0 4.8133333333333335
450.0 25.0 22.0 5.223333333333334
451.0 25.0 26.0 4.85
452.0 26.0 24.0 4.718333333333334
453.0 26.0 22.0 5.046666666666667
454.0 26.0 23.0 5.166666666666667
455.0 26.0 24.0 5.131666666666667
456.0 26.0 25.0 4.785
457.0 26.0 25.0 5.136666666666667
458.0 26.0 25.0 5.706666666666667
459.0 26.0 27.0 5.691666666666666
460.0 27.0 26.0 5.52
461.0 27.0 35.0 5.215
462.0 35.0 28.0 4.968333333333334
463.0 35.0 25.0 5.49
464.0 35.0 31.0 5.473333333333334
465.0 35.0 31.0 4.841666666666667
466.0 35.0 25.0 5.165
467.0 35.0 26.0 5.36
468.0 35.0 26.0 4.77
469.0 35.0 36.0 4.961666666666667
470.0 36.0 29.0 5.173333333333333
471.0 36.0 33.0 5.716666666666667
472.0 36.0 26.0 5.7316666666666665
473.0 36.0 27.0 4.68
474.0 36.0 29.0 5.506666666666667
475.0 36.0 30.0 5.088333333333333
476.0 36.0 32.0 5.275
477.0 36.0 31.0 5.676666666666667
478.0 36.0 34.0 5.87
479.0 36.0 32.0 6.023333333333333
480.0 36.0 33.0 5.515
481.0 36.0 32.0 5.468333333333334
482.0 36.0 29.0 5.908333333333333
483.0 36.0 31.0 6.0616666666666665
484.0 36.0 29.0 5.993333333333333
485.0 36.0 31.0 5.345
486.0 36.0 32.0 6.441666666666666
487.0 36.0 35.0 6.443333333333333
488.0 36.0 30.0 6.246666666666667
489.0 36.0 34.0 6.983333333333333
490.0 36.0 39.0 7.91
491.0 39.0 36.0 8.355
492.0 39.0 36.0 7.735
493.0 39.0 36.0 7.908333333333333
494.0 39.0 36.0 7.105
495.0 39.0 36.0 8.39
496.0 39.0 35.0 8.41
497.0 39.0 37.0 7.443333333333333
498.0 39.0 37.0 7.331666666666667
499.0 39.0 37.0 8.701666666666666
500.0 39.0 37.0 8.776666666666667
